458	
1015	
1604	
1668	
1472	
1224	
1012	
855	
748	
678	
633	
606	
589	
578	
572	
568	
566	
565	
564	
563	
563	
563	
564	
563	
563	
563	
563	
563	
563	
563	
563	
563	
563	
563	
563	
563	
563	
563	
563	
563	
563	
563	
563	
563	
563	
563	
563	
563	
563	
563	
562	
563	
563	
563	
562	
562	
561	
561	
560	
560	
560	
560	
561	
561	
561	
560	
561	
561	
561	
561	
561	
561	
561	
561	
560	
561	
561	
560	
561	
561	
561	
561	
561	
561	
561	
560	
560	
561	
560	
560	
560	
560	
560	
560	
560	
560	
560	
560	
560	
560	
