569	
1095	
1625	
1639	
1418	
1161	
947	
791	
685	
616	
572	
545	
528	
517	
511	
507	
505	
504	
503	
503	
502	
502	
502	
502	
502	
503	
502	
503	
503	
502	
503	
503	
503	
502	
502	
501	
500	
500	
500	
500	
499	
500	
500	
500	
500	
500	
502	
501	
501	
501	
501	
500	
500	
501	
500	
500	
500	
500	
500	
500	
500	
500	
500	
500	
500	
500	
500	
501	
500	
500	
500	
500	
500	
500	
500	
500	
500	
500	
500	
500	
500	
499	
500	
499	
499	
500	
499	
499	
498	
497	
497	
497	
497	
497	
497	
497	
497	
498	
498	
498	
