373	
1002	
1697	
1772	
1549	
1272	
1040	
870	
755	
681	
635	
606	
588	
578	
571	
567	
564	
562	
562	
561	
561	
560	
560	
560	
560	
560	
560	
560	
560	
560	
560	
560	
561	
561	
561	
561	
562	
563	
564	
564	
564	
564	
564	
564	
564	
564	
564	
563	
563	
563	
563	
563	
563	
563	
563	
564	
563	
564	
564	
564	
563	
564	
564	
563	
564	
564	
564	
564	
564	
564	
564	
564	
565	
565	
564	
564	
565	
565	
565	
565	
565	
565	
565	
565	
565	
565	
565	
566	
567	
567	
568	
568	
568	
568	
568	
568	
568	
567	
567	
567	
