663	
1240	
1891	
1978	
1769	
1496	
1256	
1078	
955	
874	
822	
790	
771	
759	
752	
747	
745	
744	
743	
743	
742	
742	
742	
743	
742	
743	
743	
743	
743	
743	
743	
743	
744	
744	
744	
744	
744	
744	
744	
744	
744	
744	
745	
745	
745	
746	
747	
747	
747	
747	
747	
748	
748	
748	
748	
748	
748	
748	
748	
748	
748	
748	
748	
748	
748	
748	
748	
748	
748	
748	
748	
748	
748	
748	
748	
748	
749	
749	
749	
749	
749	
749	
749	
749	
749	
748	
749	
749	
749	
749	
749	
750	
750	
749	
749	
750	
749	
749	
750	
749	
