497	
803	
1447	
1480	
1213	
929	
528	
433	
372	
334	
311	
297	
289	
284	
281	
279	
277	
277	
277	
276	
276	
275	
273	
271	
269	
268	
266	
264	
263	
262	
262	
261	
261	
261	
260	
260	
261	
261	
261	
261	
261	
261	
261	
261	
261	
261	
261	
262	
262	
261	
262	
262	
261	
262	
262	
261	
261	
261	
261	
261	
261	
261	
261	
261	
261	
261	
262	
262	
262	
262	
262	
262	
262	
262	
262	
262	
262	
263	
262	
262	
262	
262	
262	
262	
262	
262	
262	
262	
262	
262	
262	
262	
262	
262	
262	
262	
262	
262	
262	
262	
