220	
906	
1573	
1594	
1342	
1058	
827	
662	
552	
482	
438	
411	
395	
386	
380	
376	
374	
373	
372	
371	
371	
370	
370	
370	
370	
369	
369	
369	
369	
369	
369	
369	
369	
369	
369	
369	
369	
369	
369	
369	
369	
369	
369	
369	
369	
369	
369	
369	
369	
369	
370	
370	
371	
371	
371	
371	
371	
371	
371	
371	
371	
371	
371	
371	
371	
370	
371	
371	
370	
371	
370	
370	
371	
371	
370	
371	
371	
371	
371	
371	
371	
371	
371	
371	
371	
371	
371	
371	
371	
371	
371	
371	
371	
371	
371	
371	
371	
371	
372	
372	
