651	
1347	
2098	
2134	
1841	
1499	
1215	
1009	
869	
777	
719	
683	
661	
646	
638	
632	
629	
627	
626	
625	
625	
624	
624	
625	
625	
625	
625	
625	
626	
626	
626	
625	
625	
625	
625	
625	
625	
625	
625	
625	
626	
626	
626	
626	
626	
625	
626	
625	
625	
625	
626	
625	
625	
625	
625	
626	
626	
626	
626	
626	
626	
626	
626	
626	
626	
626	
625	
624	
624	
623	
623	
623	
623	
623	
623	
623	
623	
623	
623	
624	
624	
623	
624	
623	
623	
623	
623	
623	
623	
624	
623	
624	
624	
624	
623	
623	
623	
623	
623	
623	
