651	
1369	
2055	
2086	
1806	
1480	
1210	
1015	
883	
798	
744	
711	
691	
679	
672	
668	
665	
664	
663	
662	
662	
662	
662	
662	
662	
662	
662	
663	
663	
663	
663	
663	
663	
663	
663	
663	
663	
663	
663	
663	
663	
663	
663	
663	
663	
663	
664	
663	
663	
664	
663	
663	
664	
663	
664	
664	
664	
664	
664	
664	
664	
664	
664	
664	
664	
665	
664	
664	
664	
664	
664	
665	
665	
665	
664	
664	
664	
664	
664	
664	
663	
663	
662	
662	
662	
662	
662	
662	
662	
662	
662	
662	
662	
662	
662	
662	
662	
662	
663	
662	
