3121	
214	
215	
216	
218	
219	
220	
220	
221	
221	
221	
221	
221	
221	
220	
221	
221	
221	
221	
221	
220	
220	
220	
220	
221	
221	
221	
221	
221	
221	
221	
221	
221	
221	
221	
221	
221	
220	
221	
221	
220	
220	
220	
220	
220	
220	
220	
220	
220	
220	
220	
220	
220	
220	
220	
219	
219	
220	
220	
220	
220	
220	
220	
220	
220	
220	
220	
220	
220	
220	
220	
220	
220	
220	
220	
220	
220	
220	
220	
220	
220	
220	
219	
220	
220	
221	
220	
220	
220	
219	
219	
220	
219	
220	
220	
220	
219	
219	
219	
219	
