558	
894	
1635	
1792	
1597	
1328	
1095	
922	
804	
726	
677	
646	
628	
616	
609	
605	
601	
599	
597	
594	
591	
588	
586	
585	
583	
582	
581	
580	
580	
580	
580	
580	
580	
580	
580	
580	
580	
579	
580	
580	
580	
580	
580	
580	
580	
580	
580	
581	
581	
582	
582	
583	
583	
583	
583	
583	
583	
583	
583	
583	
583	
582	
582	
582	
583	
582	
583	
583	
583	
583	
583	
583	
582	
583	
583	
583	
583	
583	
583	
583	
583	
583	
583	
583	
583	
583	
583	
583	
583	
583	
583	
583	
583	
583	
584	
584	
584	
583	
584	
584	
