261	
958	
1695	
1750	
1499	
1202	
957	
781	
664	
589	
542	
514	
497	
487	
481	
477	
475	
474	
473	
472	
472	
471	
471	
470	
470	
470	
470	
470	
470	
470	
470	
470	
470	
470	
470	
470	
470	
470	
470	
470	
470	
470	
470	
470	
471	
471	
472	
472	
473	
474	
474	
474	
474	
474	
473	
473	
473	
473	
473	
473	
473	
472	
473	
472	
473	
473	
473	
473	
473	
473	
473	
473	
473	
473	
473	
473	
473	
474	
474	
474	
473	
473	
473	
474	
474	
474	
474	
474	
474	
474	
474	
474	
474	
474	
474	
474	
475	
475	
476	
477	
