750	
937	
1602	
1792	
1652	
1412	
1186	
1012	
890	
809	
757	
725	
705	
693	
685	
675	
671	
667	
664	
661	
659	
658	
657	
656	
656	
656	
656	
656	
656	
656	
656	
656	
656	
656	
656	
657	
657	
657	
656	
656	
655	
655	
654	
654	
654	
654	
654	
654	
655	
655	
655	
655	
655	
655	
655	
655	
655	
655	
655	
655	
655	
655	
655	
655	
655	
655	
655	
655	
655	
655	
655	
654	
655	
655	
655	
655	
655	
655	
655	
655	
655	
655	
654	
655	
655	
655	
655	
655	
655	
654	
654	
652	
652	
651	
651	
651	
651	
651	
651	
651	
