477	
1094	
1736	
1759	
1499	
1201	
956	
780	
662	
587	
539	
509	
490	
478	
472	
468	
466	
464	
463	
462	
462	
462	
462	
462	
462	
462	
462	
462	
462	
462	
462	
462	
462	
462	
462	
462	
462	
462	
462	
462	
462	
462	
462	
462	
462	
462	
462	
462	
461	
461	
461	
460	
460	
460	
460	
460	
460	
460	
461	
461	
461	
461	
461	
460	
461	
460	
461	
461	
460	
460	
460	
461	
461	
460	
460	
461	
461	
460	
460	
460	
460	
460	
460	
460	
460	
460	
460	
459	
460	
460	
460	
460	
460	
460	
460	
460	
460	
459	
459	
460	
