619	
1209	
1877	
1908	
1641	
1329	
844	
733	
662	
617	
590	
573	
562	
556	
552	
550	
549	
548	
548	
548	
548	
547	
548	
548	
547	
547	
547	
548	
547	
548	
548	
547	
547	
547	
547	
548	
547	
548	
548	
547	
547	
547	
548	
548	
548	
547	
547	
548	
548	
548	
548	
548	
548	
548	
548	
548	
548	
548	
548	
548	
548	
547	
547	
547	
548	
548	
548	
548	
547	
547	
548	
548	
547	
547	
548	
548	
548	
548	
547	
547	
547	
547	
547	
547	
546	
547	
547	
547	
547	
547	
547	
547	
547	
547	
547	
547	
547	
547	
547	
547	
