586	
1353	
2115	
2157	
1866	
1524	
1240	
1034	
895	
805	
747	
711	
689	
675	
667	
662	
659	
657	
656	
656	
655	
655	
655	
655	
655	
655	
655	
655	
655	
655	
655	
655	
655	
655	
655	
655	
655	
654	
653	
653	
653	
653	
653	
653	
653	
654	
654	
654	
654	
654	
654	
654	
653	
654	
654	
654	
654	
654	
654	
654	
654	
653	
654	
653	
653	
653	
653	
653	
653	
654	
654	
653	
653	
653	
653	
653	
653	
653	
653	
652	
653	
653	
653	
653	
652	
653	
653	
653	
653	
652	
652	
652	
652	
652	
652	
652	
651	
652	
652	
652	
