847	
1511	
2225	
2289	
2032	
1716	
1450	
1255	
1123	
1037	
982	
921	
910	
902	
898	
895	
893	
892	
891	
891	
891	
891	
890	
891	
891	
891	
891	
891	
891	
891	
892	
892	
892	
892	
892	
892	
892	
892	
892	
892	
892	
892	
892	
893	
892	
893	
892	
893	
893	
893	
893	
893	
893	
893	
893	
894	
894	
894	
894	
895	
896	
897	
898	
898	
898	
898	
898	
898	
898	
897	
897	
897	
897	
897	
897	
897	
897	
897	
897	
897	
897	
897	
897	
897	
897	
897	
898	
898	
898	
898	
898	
898	
898	
898	
898	
898	
898	
898	
898	
898	

	
