911	
1320	
1811	
1873	
1704	
1483	
1291	
1146	
1047	
982	
941	
915	
898	
889	
883	
879	
877	
876	
876	
875	
876	
876	
876	
876	
876	
876	
875	
876	
876	
876	
876	
876	
877	
877	
877	
877	
877	
877	
877	
877	
877	
877	
877	
877	
877	
877	
877	
878	
879	
880	
880	
881	
881	
881	
881	
881	
881	
881	
880	
880	
880	
880	
880	
880	
880	
880	
881	
881	
881	
881	
881	
881	
881	
881	
881	
881	
881	
881	
881	
881	
881	
881	
881	
881	
881	
881	
881	
882	
881	
881	
881	
882	
882	
882	
882	
882	
882	
882	
882	
882	

	
