1017	
1214	
1896	
2073	
1901	
1629	
1383	
1196	
1067	
983	
929	
896	
875	
855	
851	
848	
846	
844	
842	
840	
838	
836	
835	
835	
834	
834	
834	
834	
833	
832	
832	
831	
831	
831	
831	
831	
831	
831	
831	
831	
831	
831	
831	
832	
832	
831	
832	
832	
832	
832	
832	
832	
832	
832	
832	
832	
832	
832	
833	
833	
833	
833	
833	
833	
833	
833	
833	
833	
833	
833	
834	
834	
834	
834	
834	
835	
836	
837	
837	
837	
837	
837	
837	
836	
836	
836	
836	
836	
836	
836	
836	
836	
836	
836	
836	
836	
836	
837	
837	
836	

	
