882	
1013	
1649	
1853	
1739	
1524	
1321	
1164	
1054	
982	
936	
906	
889	
878	
871	
868	
865	
864	
863	
861	
857	
854	
852	
851	
849	
848	
848	
847	
847	
847	
846	
847	
846	
846	
846	
846	
846	
846	
847	
846	
846	
847	
847	
847	
847	
846	
847	
847	
847	
847	
847	
847	
847	
847	
847	
847	
847	
847	
847	
847	
847	
847	
847	
847	
847	
847	
847	
847	
847	
847	
846	
847	
847	
847	
847	
847	
847	
847	
847	
846	
847	
847	
846	
847	
847	
847	
847	
847	
847	
847	
847	
847	
847	
847	
847	
847	
848	
847	
847	
848	

	
