840	
1443	
2064	
2121	
1900	
1627	
1396	
1228	
1114	
1039	
992	
964	
945	
935	
928	
924	
922	
920	
920	
919	
919	
919	
919	
918	
919	
919	
919	
919	
919	
919	
919	
919	
919	
919	
919	
919	
919	
919	
918	
918	
918	
919	
919	
919	
919	
919	
919	
919	
919	
919	
919	
918	
919	
919	
919	
919	
918	
918	
918	
917	
916	
915	
914	
914	
914	
914	
914	
914	
914	
915	
915	
915	
915	
915	
915	
915	
915	
915	
915	
915	
915	
915	
915	
915	
915	
915	
915	
914	
914	
914	
914	
914	
915	
915	
915	
915	
914	
915	
914	
915	

	
