835	
1066	
1776	
1977	
1831	
1545	
1322	
1156	
1041	
966	
919	
889	
872	
860	
853	
849	
847	
845	
843	
841	
839	
837	
835	
833	
830	
829	
829	
828	
828	
828	
828	
827	
827	
827	
827	
827	
827	
827	
827	
827	
827	
827	
827	
827	
826	
827	
827	
827	
827	
826	
827	
827	
827	
828	
827	
828	
827	
827	
827	
827	
827	
827	
827	
828	
827	
827	
827	
827	
827	
827	
827	
827	
827	
827	
827	
827	
828	
828	
829	
830	
831	
831	
831	
831	
831	
830	
830	
830	
829	
829	
829	
829	
829	
830	
830	
830	
830	
830	
830	
830	

	
