839	
1500	
2210	
2275	
2019	
1703	
1435	
1239	
1107	
1021	
966	
932	
911	
898	
890	
886	
884	
882	
881	
880	
880	
880	
880	
880	
880	
880	
880	
880	
880	
880	
881	
881	
881	
881	
881	
881	
882	
882	
883	
884	
884	
884	
884	
884	
884	
884	
884	
883	
883	
883	
884	
884	
884	
884	
884	
884	
884	
884	
884	
884	
884	
884	
885	
885	
885	
885	
885	
885	
885	
885	
886	
885	
885	
885	
885	
885	
885	
885	
885	
885	
885	
885	
886	
886	
886	
886	
886	
886	
886	
886	
886	
887	
887	
887	
887	
888	
887	
888	
888	
888	

	
