821	
1226	
1718	
1788	
1631	
1422	
1239	
1102	
1007	
945	
905	
880	
865	
855	
845	
844	
843	
842	
842	
842	
842	
842	
842	
842	
842	
842	
842	
842	
842	
842	
842	
842	
842	
842	
842	
842	
842	
842	
842	
842	
842	
842	
842	
841	
842	
842	
841	
841	
840	
839	
839	
839	
838	
838	
838	
838	
838	
839	
839	
839	
839	
839	
838	
839	
839	
839	
839	
839	
839	
839	
839	
839	
839	
839	
839	
838	
839	
839	
839	
839	
838	
838	
839	
838	
839	
839	
839	
838	
838	
838	
838	
838	
839	
838	
839	
838	
838	
838	
838	
838	

	
