668	
1131	
1669	
1830	
1721	
1528	
1346	
1206	
1109	
1044	
999	
975	
960	
951	
945	
941	
938	
935	
931	
929	
926	
925	
923	
923	
922	
921	
921	
920	
919	
919	
918	
918	
918	
918	
918	
918	
919	
920	
921	
921	
922	
922	
922	
922	
922	
921	
922	
922	
921	
921	
921	
921	
921	
921	
921	
921	
921	
921	
921	
921	
921	
920	
920	
920	
920	
919	
919	
920	
920	
920	
920	
919	
919	
920	
919	
919	
920	
920	
920	
920	
920	
920	
920	
920	
920	
920	
921	
921	
921	
922	
923	
923	
924	
924	
924	
924	
924	
924	
923	
923	
