903	
1498	
2140	
2187	
1937	
1634	
1378	
1191	
1065	
983	
931	
899	
879	
866	
859	
851	
850	
850	
850	
849	
849	
849	
849	
849	
849	
849	
849	
849	
849	
849	
850	
850	
850	
850	
850	
850	
850	
850	
850	
849	
849	
849	
850	
850	
850	
850	
850	
850	
850	
850	
850	
850	
850	
850	
849	
849	
848	
848	
847	
847	
847	
847	
847	
847	
848	
848	
848	
848	
848	
848	
848	
848	
848	
848	
848	
848	
848	
848	
847	
848	
848	
848	
848	
848	
848	
848	
848	
848	
848	
848	
848	
848	
848	
848	
848	
848	
848	
848	
848	
848	

	
