929	
1477	
2106	
2157	
1919	
1626	
1378	
1196	
1072	
991	
940	
908	
889	
877	
870	
865	
863	
861	
860	
860	
859	
859	
860	
860	
860	
860	
860	
860	
860	
860	
860	
860	
860	
860	
860	
860	
860	
860	
860	
860	
860	
860	
860	
860	
860	
860	
860	
860	
860	
860	
860	
861	
860	
860	
860	
860	
859	
858	
857	
857	
857	
857	
857	
857	
857	
857	
857	
857	
857	
857	
858	
858	
858	
858	
858	
858	
858	
858	
858	
858	
858	
858	
858	
858	
858	
858	
858	
858	
857	
858	
857	
857	
857	
857	
857	
857	
857	
857	
857	
857	

	
