854	
1262	
1785	
1888	
1755	
1562	
1388	
1257	
1165	
1104	
1066	
1042	
1027	
1019	
1014	
1011	
1009	
1008	
1008	
1007	
1007	
1007	
1006	
1006	
1006	
1006	
1006	
1006	
1006	
1006	
1006	
1007	
1006	
1007	
1007	
1007	
1007	
1007	
1007	
1007	
1007	
1007	
1007	
1007	
1007	
1008	
1008	
1007	
1007	
1007	
1008	
1008	
1008	
1008	
1009	
1008	
1008	
1008	
1009	
1008	
1009	
1009	
1009	
1010	
1011	
1012	
1012	
1013	
1013	
1013	
1013	
1013	
1013	
1013	
1013	
1013	
1012	
1012	
1012	
1012	
1012	
1012	
1012	
1012	
1012	
1012	
1012	
1012	
1012	
1013	
1013	
1013	
1013	
1013	
1013	
1013	
1013	
1013	
1013	
1013	

	
