830	
1471	
2175	
2237	
1980	
1664	
1398	
1203	
1071	
985	
930	
896	
874	
861	
853	
848	
846	
844	
843	
842	
842	
842	
841	
841	
841	
841	
841	
841	
841	
841	
841	
841	
841	
841	
841	
841	
841	
841	
841	
841	
841	
840	
840	
840	
840	
840	
840	
841	
841	
841	
841	
841	
840	
840	
840	
840	
841	
841	
841	
841	
840	
840	
840	
840	
840	
840	
840	
840	
840	
840	
840	
840	
840	
840	
840	
841	
840	
840	
840	
840	
840	
841	
840	
840	
840	
840	
840	
840	
840	
840	
840	
840	
841	
840	
840	
840	
839	
840	
840	
840	

	
