888	
1470	
2119	
2170	
1922	
1618	
1360	
1172	
1044	
960	
907	
874	
853	
840	
833	
828	
825	
823	
822	
822	
821	
822	
822	
822	
821	
822	
822	
822	
822	
822	
821	
822	
822	
822	
822	
822	
821	
822	
822	
822	
822	
822	
822	
822	
822	
822	
822	
822	
822	
822	
822	
822	
822	
822	
822	
823	
823	
823	
823	
823	
822	
822	
822	
823	
822	
822	
822	
823	
823	
823	
823	
823	
823	
822	
822	
823	
823	
823	
823	
823	
822	
822	
822	
821	
821	
821	
821	
821	
821	
820	
820	
821	
821	
821	
821	
821	
821	
821	
821	
821	

	
