924	
1571	
2322	
2410	
2155	
1828	
1547	
1338	
1195	
1101	
1040	
1003	
979	
964	
955	
949	
946	
944	
943	
942	
940	
939	
939	
938	
938	
938	
938	
938	
938	
938	
938	
938	
938	
939	
939	
939	
939	
939	
939	
939	
939	
939	
939	
939	
939	
939	
939	
938	
939	
938	
938	
939	
939	
939	
939	
939	
939	
939	
938	
938	
938	
938	
938	
938	
938	
938	
938	
938	
938	
938	
937	
937	
936	
935	
934	
934	
934	
934	
934	
934	
934	
935	
935	
935	
935	
935	
936	
935	
935	
935	
935	
934	
935	
935	
935	
935	
934	
934	
934	
934	

	
